0.12
0.10666666666666667
0.09333333333333334
0.09333333333333334
0.09333333333333334
0.09333333333333334
0.09333333333333334
0.09333333333333334
0.08
0.06666666666666667
0.06666666666666667
0.08
0.09333333333333334
0.09333333333333334
0.09333333333333334
0.09333333333333334
0.08
0.09333333333333334
0.09333333333333334
0.10666666666666667
0.12
0.12
0.12
0.10666666666666667
0.12
0.13333333333333333
0.13333333333333333
0.13333333333333333
0.14666666666666667
0.14666666666666667
0.13333333333333333
0.16
0.16
0.16
0.16
0.16
0.18666666666666668
0.17333333333333334
0.17333333333333334
0.17333333333333334
0.18666666666666668
0.18666666666666668
0.18666666666666668
0.21333333333333335
0.21333333333333335
0.21333333333333335
0.21333333333333335
0.21333333333333335
0.21333333333333335
0.24
0.24
0.24
0.24
0.24
0.24
0.24
0.25333333333333335
0.25333333333333335
0.25333333333333335
0.25333333333333335
0.25333333333333335
0.25333333333333335
0.25333333333333335
0.25333333333333335
0.25333333333333335
0.25333333333333335
0.25333333333333335
0.25333333333333335
0.25333333333333335
0.25333333333333335
0.25333333333333335
0.25333333333333335
0.26666666666666666
0.26666666666666666
0.26666666666666666
0.26666666666666666
0.26666666666666666
0.26666666666666666
0.26666666666666666
0.26666666666666666
0.26666666666666666
0.26666666666666666
0.26666666666666666
0.26666666666666666
0.26666666666666666
0.26666666666666666
0.26666666666666666
0.26666666666666666
0.26666666666666666
0.26666666666666666
0.26666666666666666
0.26666666666666666
0.28
0.28
0.28
0.28
0.28
0.28
0.28
0.28
0.28
0.28
0.28
0.28
0.28
0.28
0.28
0.28
0.28
0.28
0.28
0.28
0.28
0.28
0.28
0.30666666666666664
0.30666666666666664
0.30666666666666664
0.30666666666666664
0.30666666666666664
0.30666666666666664
0.32
0.32
0.32
0.32
0.3333333333333333
0.3333333333333333
0.3333333333333333
0.3333333333333333
0.3333333333333333
0.3333333333333333
0.3333333333333333
0.3333333333333333
0.3333333333333333
0.3466666666666667
0.3466666666666667
0.3466666666666667
0.3466666666666667
0.3466666666666667
0.3466666666666667
0.3466666666666667
0.3466666666666667
0.3466666666666667
0.3466666666666667
0.3466666666666667
0.3466666666666667
0.3466666666666667
0.3466666666666667
0.3466666666666667
0.3466666666666667
0.3466666666666667
0.3466666666666667
0.36
0.36
0.36
0.36
0.36
0.36
0.36
0.36
0.36
0.36
0.36
0.36
0.36
0.36
0.36
0.36
0.36
0.36
0.36
0.36
0.36
0.36
0.36
0.36
0.36
0.36
0.36
0.36
0.36
0.36
0.36
0.36
0.36
0.36
0.36
0.36
0.36
0.36
0.36
0.36
0.36
0.36
0.36
0.36
0.36
0.36
0.36
0.36
0.36
0.36
0.36
0.36
0.36
0.36
0.36
0.36
0.36
0.36
0.36
0.36
0.36
0.36
0.36
0.36
0.36
0.36
0.36
0.36
0.36
0.36
0.36
0.36
0.36
0.36
0.36
0.36
0.36
0.36
0.36
0.36
0.36
0.36
0.36
0.36
0.36
0.36
0.36
0.36
0.36
0.36
0.36
0.36
0.36
0.36
0.36
0.36
0.36
0.36
0.36
0.36
0.36
0.36
0.36
0.36
0.36
0.36
0.36
0.36
0.36
0.36
0.36
0.36
0.36
0.36
0.36
0.36
0.36
0.36
0.36
0.36
0.36
0.36
0.36
0.36
0.36
0.36
0.36
0.36
0.36
0.36
0.36
0.36
0.36
0.36
0.36
0.36
0.36
0.36
0.36
0.36
0.36
0.36
0.36
0.36
0.36
0.36
0.36
0.36
0.36
0.36
0.36
0.36
0.36
0.36
0.36
0.36
0.36
0.36
0.36
0.36
0.36
0.36
0.36
0.36
0.36
0.36
0.36
0.36
0.36
0.36
0.36
0.36
0.36
0.36
0.36
0.36
0.36
0.36
0.36
0.36
0.36
0.36
0.36
0.36
0.36
0.36
0.36
0.36
0.36
0.36
0.36
0.36
